n	canonical	canonical_time	ilp	ilp_time	schonig	schonig_time	crank_algorithm	crank_algorithm_time	local_sat	local_sat_time	brute_force	brute_force_time	nonconvex_local	nonconvex_local_time	hyperopt	hyperopt_time	canonical_correct	ilp_correct	schonig_correct	crank_algorithm_correct	local_sat_correct	brute_force_correct	nonconvex_local_correct	hyperopt_correct
3	0.9	0.003703308	0.9	0.085365272	0.9	0.000702143	0.9	0.087716174	0.9	0.002796674	0.9	0	0.7	0.025226307	0.9	0.020944619	1	1	1	1	1	1	0.8	1
4	0.7	0.003012133	0.7	0.085300136	0.7	0.002393413	0.7	0.266398907	0.6	0.011068821	0.7	0	0.5	0.032245493	0.6	0.066758776	1	1	1	1	0.9	1	0.8	0.9
5	0.7	0.003106403	0.7	0.08449657	0.7	0.004641032	0.7	0.898490691	0.4	0.022542739	0.7	0	0.4	0.043411469	0.4	0.157489848	1	1	1	1	0.7	1	0.7	0.7
6	1	0.003202677	1	0.059556413	1	0.000402975	0.8	0.917399812	0.8	0.019543457	1	0.000199533	0.2	0.051151609	0.9	0.302777624	1	1	1	0.8	0.8	1	0.2	0.9
7	0.9	0.003412008	0.9	0.076416302	0.9	0.003294182	0.4	2.756484199	0.4	0.043189383	0.9	0.000407887	0.2	0.065473652	0.5	0.526508307	1	1	1	0.5	0.5	1	0.3	0.6
8	0.7	0.003700876	0.7	0.094813752	0.7	0.008786321	0.2	4.992270088	0.3	0.064718533	0.7	0.001007009	0	0.076762533	0.6	0.838117218	1	1	1	0.5	0.6	1	0.3	0.9
9	0.7	0.004237747	0.7	0.098816919	0.7	0.010578108	0.2	7.768960953	0.2	0.068859911	0.7	0.001684713	0	0.092168188	0.3	1.285358429	1	1	1	0.5	0.5	1	0.3	0.6
10	0.8	0.004696918	0.8	0.07909503	0.8	0.007786036	0.1	11.90753443	0.3	0.088963175	0.8	0.002896714	0	0.110388446	0.4	1.810289383	1	1	1	0.3	0.5	1	0.2	0.6
11	0.5	0.004494739	0.5	0.12835176	0.5	0.023757458	0.1	14.80148449	0.1	0.109952664	0.5	0.007780194	0	0.128713846	0	2.559249306	1	1	1	0.6	0.6	1	0.5	0.5
12	0.7	0.004699421	0.7	0.097475314	0.7	0.020330143	0	2.005544448	0.1	0.137569189	0.7	0.013212848	0	0.149153185	0	3.648243093	1	1	1	0	0.4	1	0.3	0.3
13	0.3	0.005293655	0.3	0.15456605	0.3	0.052273273	0	0	0	0.138570142	0.3	0.034616637	0	0.166993189	0	5.056859207	1	1	1	0	0.7	1	0.7	0.7
14	0.6	0.005302048	0.6	0.13558042	0.6	0.034040236	0	0	0	0.163560677	0.6	0.053529358	0	0.191291451	0	6.568844056	1	1	1	0	0.4	1	0.4	0.4
15	0.6	0.0055825	0.6	0.136732817	0.6	0.039463806	0	0	0.1	0.184152842	0.6	0.141339684	0	0.216381526	0	8.363900495	1	1	1	0	0.5	1	0.4	0.4
16	0.8	0.005978203	0.8	0.132175398	0.8	0.027948976	0	0	0	0.212621331	0.8	0.168014979	0	0.222855306	0	10.63756344	1	1	1	0	0.2	1	0.2	0.2
17	0.8	0.006361699	0.8	0.12326076	0.8	0.038714385	0	0	0.1	0.204082084	0.8	0.392361355	0	0.245950294	0	13.53744736	1	1	1	0	0.3	1	0.2	0.2
18	0.8	0.008557963	0.8	0.127523232	0.8	0.037238574	0	0	0	0.246945119	0.8	1.186297035	0	0.286648417	0	17.5808676	1	1	1	0	0.2	1	0.2	0.2
19	0.6	0.007490325	0.6	0.160519576	0.6	0.06238656	0	0	0	0.265297484	0.6	2.028905797	0	0.309387732	0	2.207202888	1	1	1	0	0.4	1	0.4	0
20	0.7	0.007989526	0.7	0.1788234	0.7	0.079593992	0	0	0	0.304192781	0.7	4.084884238	0	0.338213086	0	0	1	1	1	0	0.3	1	0.3	0
21	0.7	0.008378315	0.7	0.19901793	0.7	0.061333799	0	0	0	0.300456429	0.2	0	0	0.375534964	0	0	1	1	1	0	0.3	0.3	0.3	0
22	0.8	0.008581567	0.8	0.137454724	0.8	0.060467029	0	0	0	0.357832265	0	0	0	0.439874554	0	0	1	1	1	0	0.2	0	0.2	0
23	0.4	0.011380982	0.4	0.392620134	0.4	0.146905255	0	0	0	0.44416368	0	0	0	0.474152422	0	0	1	1	1	0	0.6	0	0.6	0
24	0.7	0.009317422	0.7	0.240575933	0.7	0.077545762	0	0	0	0.391870809	0	0	0	0.533717728	0	0	1	1	1	0	0.3	0	0.3	0
25	0.3	0.010774112	0.3	0.499185753	0.3	0.211292911	0	0	0	0.442401481	0	0	0	0.562028432	0	0	1	1	1	0	0.7	0	0.7	0
26	0.7	0.010672092	0.7	0.246599174	0.6	0.150112724	0	0	0	0.530015802	0	0	0	0.582030368	0	0	1	1	0.9	0	0.3	0	0.3	0
27	0.6	0.011139131	0.6	0.339644217	0.5	0.192466593	0	0	0	0.520654607	0	0	0	0.687692547	0	0	1	1	0.9	0	0.4	0	0.4	0
28	0.7	0.011479616	0.7	0.257525086	0.7	0.149186802	0	0	0	0.454153919	0	0	0	0.699091005	0	0	1	1	1	0	0.3	0	0.3	0
29	0.7	0.010974312	0.7	0.288396692	0.7	0.164162707	0	0	0	0.538259435	0	0	0	0.708489513	0	0	1	1	1	0	0.3	0	0.3	0
30	0.8	0.015590382	0.8	0.221748757	0.8	0.126133823	0	0	0	0.583628774	0	0	0	0.738828611	0	0	1	1	1	0	0.2	0	0.2	0
31	0.3	0.011451674	0.3	0.469003129	0.3	0.248548865	0	0	0	0.65987258	0	0	0	0.797749281	0	0	1	1	1	0	0.7	0	0.7	0
32	0.5	0.013082528	0.5	0.405822253	0.5	0.280858254	0	0	0	0.741686463	0	0	0	1.059744549	0	0	1	1	1	0	0.5	0	0.5	0
33	0.8	0.014568925	0.8	0.28632071	0.6	0.235843134	0	0	0	0.779928994	0	0	0	0.950495529	0	0	1	1	0.8	0	0.2	0	0.2	0
34	0.4	0.013191676	0.4	0.46889658	0.4	0.272346735	0	0	0	0.685469747	0	0	0	0.95815835	0	0	1	1	1	0	0.6	0	0.6	0
35	0.6	0.013176584	0.6	0.392294097	0.5	0.311429405	0	0	0	0.718248844	0	0	0	1.000925255	0	0	1	1	0.9	0	0.4	0	0.4	0
36	0.9	0.013534808	0.9	0.230051589	0.6	0.332000899	0	0	0	0.816928411	0	0	0	1.051858091	0	0	1	1	0.7	0	0.1	0	0.1	0
37	0.5	0.013873458	0.5	0.473948026	0.2	0.473694825	0	0	0	0.800883579	0	0	0	1.184231758	0	0	1	1	0.7	0	0.5	0	0.5	0
38	0.2	0.016033316	0.2	0.669757271	0.2	0.469504189	0	0	0	1.02064786	0	0	0	1.282875538	0	0	1	1	1	0	0.8	0	0.8	0
39	0.3	0.013707852	0.3	0.587859273	0.1	0.521296239	0	0	0	0.992188883	0	0	0	1.1919034	0	0	1	1	0.8	0	0.7	0	0.7	0
40	0.6	0.014884615	0.6	0.384104633	0.5	0.355282307	0	0	0	1.008078098	0	0	0	1.333429885	0	0	1	1	0.9	0	0.4	0	0.4	0
41	0.6	0.014888358	0.6	0.528478074	0.5	0.413826013	0	0	0	1.049754095	0	0	0	1.424525452	0	0	1	1	0.9	0	0.4	0	0.4	0
42	0.6	0.014940214	0.6	0.484216642	0.5	0.404090834	0	0	0	1.114960146	0	0	0	1.405565834	0	0	1	1	0.9	0	0.4	0	0.4	0
43	0.4	0.02081151	0.4	0.557995009	0.4	0.575657988	0	0	0	1.257141399	0	0	0	1.559585047	0	0	1	1	1	0	0.6	0	0.6	0
44	0.5	0.016176987	0.5	0.470044923	0.3	0.510616255	0	1.00E-04	0	1.06993041	0	0	0	1.513687682	0	0	1	1	0.8	0	0.5	0	0.5	0
45	0.7	0.015841508	0.7	0.429485703	0.4	0.573409009	0	0	0	1.055423236	0	0	0	1.701335907	0	0	1	1	0.7	0	0.3	0	0.3	0
46	0.3	0.016341162	0.3	0.789704514	0	0.852574849	0	0	0	1.343861723	0	0	0	1.71644125	0	0	1	1	0.7	0	0.7	0	0.7	0
47	0.4	0.016890574	0.4	0.604656887	0.1	0.836573911	0	0	0	1.101889706	0	0	0	1.75659945	0	0	1	1	0.7	0	0.6	0	0.6	0
48	0.4	0.017780733	0.4	0.636329985	0.4	0.684227037	0	0	0	1.355939126	0	0	0	1.877554011	0	0	1	1	1	0	0.6	0	0.6	0
49	0.4	0.022897315	0.4	0.70657227	0.2	0.871617985	0	0	0	1.367427754	0	0	0	1.988962674	0	0	1	1	0.8	0	0.6	0	0.6	0
50	0.5	0.018158722	0.5	0.631340814	0.2	0.844828033	0	0	0	1.257814121	0	0	0	1.95309217	0	0	1	1	0.7	0	0.5	0	0.5	0
51	0.6	0.018212008	0.6	0.643281269	0.3	0.801292682	0	0	0	1.494461012	0	0	0	2.172626948	0	0	1	1	0.7	0	0.4	0	0.4	0
52	0.5	0.018892837	0.5	0.726210904	0.1	0.952806497	0	0	0	1.491139245	0	0	0	2.167755294	0	0	1	1	0.6	0	0.5	0	0.5	0
53	0.4	0.018596482	0.4	0.817519593	0.1	0.97067492	0	0	0	1.477251625	0	0	0	2.25308001	0	0	1	1	0.7	0	0.6	0	0.6	0
54	0.7	0.018340755	0.7	0.568297076	0.4	0.735947824	0	0	0	1.614967966	0	0	0	2.302291417	0	0	1	1	0.7	0	0.3	0	0.3	0
55	0.3	0.019181132	0.3	0.891770363	0.1	1.183436608	0	0	0	1.599510956	0	0	0	2.3251194	0	0	1	1	0.8	0	0.7	0	0.7	0
56	0.2	0.026482725	0.2	1.42588284	0.1	1.20229888	0	0	0	1.849278641	0	0	0	2.656706882	0	0	1	1	0.9	0	0.8	0	0.8	0
57	0.4	0.020110941	0.4	1.112987185	0.1	1.157119322	0	0	0	1.657741761	0	0	0	2.550812197	0	0	1	1	0.7	0	0.6	0	0.6	0
58	0.2	0.020438218	0.2	1.30963378	0	1.287492466	0	0	0	1.803348851	0	0	0	2.610218573	0	0	1	1	0.8	0	0.8	0	0.8	0
59	0.7	0.020545173	0.7	0.921599984	0.2	1.082987571	0	0	0	1.767958689	0	0	0	2.725557208	0	0	1	1	0.5	0	0.3	0	0.3	0
60	0.2	0.02183702	0.2	1.409642124	0	1.415649724	0	0	0	1.904765058	0	0	0	2.875136209	0	0	1	1	0.8	0	0.8	0	0.8	0
61	0.5	0.02200861	0.5	1.129720163	0.1	1.415689015	0	0	0	1.974268556	0	0	0	3.00584693	0	0	1	1	0.6	0	0.5	0	0.5	0
62	0.4	0.021659875	0.4	1.355505037	0.1	1.345134783	0	0	0	1.958383608	0	0	0	3.182416129	0	0	1	1	0.7	0	0.6	0	0.6	0
63	0.5	0.029299617	0.5	1.36490314	0.1	1.399678254	0	0	0	2.223080325	0	0	0	3.09228425	0	0	1	1	0.6	0	0.5	0	0.5	0
64	0.6	0.022636747	0.6	1.053108501	0.2	1.371837473	0	0	0	1.895157099	0	0	0	3.284673738	0	0	1	1	0.6	0	0.4	0	0.4	0
65	0.1	0.023355794	0.1	1.900744367	0	1.614699244	0	0	0	2.062853551	0	0	0	3.378137469	0	0	1	1	0.9	0	0.9	0	0.9	0
66	0.6	0.024590111	0.6	1.690732789	0.1	1.656404042	0	0	0	2.126783228	0	0	0	3.440585876	0	0	1	1	0.5	0	0.4	0	0.4	0
67	0.6	0.023461723	0.6	1.720941401	0.4	1.394320726	0	0	0	2.145936251	0	0	0	3.470140576	0	0	1	1	0.8	0	0.4	0	0.4	0
68	0.3	0.023612142	0.3	2.418998003	0.1	1.683858967	0	0	0	2.194098139	0	0	0	3.628039813	0	0	1	1	0.8	0	0.7	0	0.7	0
69	0.7	0.02338388	0.7	1.053603816	0	1.948312092	0	0	0	2.749336076	0	0	0	3.752753019	0	0	1	1	0.3	0	0.3	0	0.3	0
70	0.8	0.025375319	0.8	1.457480121	0.1	1.706915593	0	0	0	2.487701225	0	0	0	3.783973074	0	0	1	1	0.3	0	0.2	0	0.2	0
71	0.5	0.025379467	0.5	2.723479342	0	2.046299958	0	0	0	2.451230216	0	0	0	4.007405114	0	0	1	1	0.5	0	0.5	0	0.5	0
72	0.4	0.025050116	0.4	3.336152339	0	1.902595234	0	0	0	2.479336262	0	0	0	3.959782243	0	0	1	1	0.6	0	0.6	0	0.6	0
73	0.2	0.02681694	0.2	4.357201529	0.1	1.852306676	0	0	0	2.451731133	0	0	0	4.247844315	0	0	1	1	0.9	0	0.8	0	0.8	0
74	0.4	0.02674818	0.4	4.308631635	0	2.02617743	0	0	0	2.620685315	0	0	0	4.204677224	0	0	1	1	0.6	0	0.6	0	0.6	0
75	0.5	0.0257236	0.5	3.9306916	0	2.057286549	0	0	0	2.67627027	0	0	0	4.31691494	0	0	1	1	0.5	0	0.5	0	0.5	0
76	0.5	0.025812125	0.5	4.429892254	0	2.371331072	0	0	0	3.050233245	0	0	0	4.422578263	0	0	1	1	0.5	0	0.5	0	0.5	0
77	0.3	0.026954389	0.3	5.27422111	0	2.231971502	0	0	0	2.884696364	0	0	0	4.517554212	0	0	1	1	0.7	0	0.7	0	0.7	0
78	0.9	0.025964689	0.9	1.114995313	0.1	2.296428895	0	0	0	2.65275321	0	0	0	4.788366485	0	0	1	1	0.2	0	0.1	0	0.1	0
79	0.2	0.037471056	0.2	6.718140483	0	2.314325356	0	0	0	2.730324078	0	0	0	4.787844849	0	0	1	1	0.8	0	0.8	0	0.8	0
80	0.4	0.028439999	0.4	6.820312071	0	2.457245421	0	0	0	3.061720943	0	0	0	5.053044748	0	0	1	1	0.6	0	0.6	0	0.6	0
81	0.2	0.028223276	0.2	7.515472722	0	2.415257549	0	0	0	3.113596177	0	0	0	5.048106766	0	0	1	1	0.8	0	0.8	0	0.8	0
82	0	0.026990128	0	9.609214401	0	2.577942371	0	0	0	2.936312604	0	0	0	5.16330421	0	0	1	1	1	0	1	0	1	0
83	0.1	0.029714441	0.1	10.06005585	0	2.549161887	0	0	0	3.379965711	0	0	0	5.271430898	0	0	1	1	0.9	0	0.9	0	0.9	0
84	0.4	0.029627943	0.4	9.113153529	0	2.70179255	0	0	0	3.289747953	0	0	0	5.348660803	0	0	1	1	0.6	0	0.6	0	0.6	0
85	0.2	0.029559922	0.2	10.5608223	0	2.632937884	0	0	0	3.272725892	0	0	0	5.579664397	0	0	1	1	0.8	0	0.8	0	0.8	0
86	0.3	0.029819918	0.3	10.17491043	0	2.699827957	0	0	0	3.233190036	0	0	0	5.693483591	0	0	1	1	0.7	0	0.7	0	0.7	0
87	0.3	0.030842757	0.3	10.30331097	0	2.916872716	0	0	0	3.354794097	0	0	0	5.816649723	0	0	1	1	0.7	0	0.7	0	0.7	0
88	0.3	0.044339561	0.3	13.456687	0	2.980899787	0	0	0	3.575920177	0	0	0	5.91739819	0	0	1	1	0.7	0	0.7	0	0.7	0
89	0.5	0.030510378	0.3	10.45176694	0	2.993384504	0	0	0	3.900685	0	0	0	6.020208931	0	0	1	0.7	0.5	0	0.5	0	0.5	0
90	0.2	0.031729603	0	0	0	2.909375262	0	0	0	3.934891272	0	0	0	6.064921904	0	0	1	0	0.8	0	0.8	0	0.8	0
91	0.6	0.033254671	0	0	0	3.111430478	0	0	0	3.384814739	0	0	0	6.371833682	0	0	1	0	0.4	0	0.4	0	0.4	0
92	0.3	0.030650949	0	0	0	2.960744047	0	0	0	3.592985892	0	0	0	6.331567979	0	0	1	0	0.7	0	0.7	0	0.7	0
93	0.3	0.031069565	0	0	0	3.016317797	0	0	0	3.614470696	0	0	0	6.477388167	0	0	1	0	0.7	0	0.7	0	0.7	0
94	0.5	0.034006405	0	0	0	3.280318618	0	0	0	4.106785345	0	0	0	6.953397989	0	0	1	0	0.5	0	0.5	0	0.5	0
95	0.5	0.031726742	0	0	0	3.211246324	0	0	0	3.903489351	0	0	0	6.897223139	0	0	1	0	0.5	0	0.5	0	0.5	0
96	0.5	0.032425117	0	0	0	3.539002085	0	0	0	3.975670481	0	0	0	7.145117188	0	0	1	0	0.5	0	0.5	0	0.5	0
97	0.4	0.048618603	0	0	0	3.34390645	0	0	0	4.259756708	0	0	0	7.115996695	0	0	1	0	0.6	0	0.6	0	0.6	0
98	0.3	0.032760596	0	0	0	3.414180732	0	0	0	4.065871477	0	0	0	7.418345189	0	0	1	0	0.7	0	0.7	0	0.7	0
99	0.3	0.033789802	0	0	0	3.582678556	0	0	0	4.687111521	0	0	0	7.342898226	0	0	1	0	0.7	0	0.7	0	0.7	0
100	0.3	0.035880852	0	0	0	3.693285155	0	0	0	4.47909596	0	0	0	7.706560874	0	0	1	0	0.7	0	0.7	0	0.7	0
101	0.6	0.036459208	0	0	0	3.756150556	0	0	0	4.537091684	0	0	0	7.776657844	0	0	1	0	0.4	0	0.4	0	0.4	0
102	0.3	0.035516977	0	0	0	3.778744292	0	0	0	4.181751966	0	0	0	7.903692794	0	0	1	0	0.7	0	0.7	0	0.7	0
103	0.4	0.036759734	0	0	0	3.887129617	0	0	0	4.606071877	0	0	0	8.254352331	0	0	1	0	0.6	0	0.6	0	0.6	0
104	0.1	0.035444498	0	0	0	3.743963504	0	0	0	4.160403728	0	0	0	8.30912497	0	0	1	0	0.9	0	0.9	0	0.9	0
105	0.5	0.037630081	0	0	0	3.915280247	0	0	0	4.403100967	0	0	0	8.553686285	0	0	1	0	0.5	0	0.5	0	0.5	0
106	0.1	0.03694787	0	0	0	4.167184424	0	0	0	4.700501847	0	0	0	8.764622974	0	0	1	0	0.9	0	0.9	0	0.9	0
107	0.3	0.057430124	0	0	0	4.062820888	0	0	0	4.695251226	0	0	0	8.882460046	0	0	1	0	0.7	0	0.7	0	0.7	0
108	0.2	0.037233663	0	0	0	4.158329606	0	0	0	5.638350558	0	0	0	9.066472101	0	0	1	0	0.8	0	0.8	0	0.8	0
109	0.4	0.039074326	0	0	0	4.042346931	0	0	0	4.479239702	0	0	0	8.886098957	0	0	1	0	0.6	0	0.6	0	0.6	0
110	0.3	0.038825607	0	0	0	4.252260232	0	0	0	4.627796531	0	0	0	9.419478607	0	0	1	0	0.7	0	0.7	0	0.7	0
111	0.1	0.038814473	0	0	0	4.484197474	0	0	0	4.943265915	0	0	0	9.578135705	0	0	1	0	0.9	0	0.9	0	0.9	0
112	0.3	0.038194895	0	0	0	4.566193914	0	0	0	4.798320556	0	0	0	9.699643493	0	0	1	0	0.7	0	0.7	0	0.7	0
113	0	0.041595769	0	0	0	4.516079974	0	0	0	5.3094769	0	0	0	10.0252728	0	0	1	0	1	0	1	0	1	0
114	0.4	0.040641928	0	0	0	4.639351463	0	0	0	5.395136786	0	0	0	9.951933002	0	0	1	0	0.6	0	0.6	0	0.6	0
115	0.3	0.043640828	0	0	0	4.845999718	0	0	0	4.822017646	0	0	0	9.984794974	0	0	1	0	0.7	0	0.7	0	0.7	0
116	0.4	0.040448356	0	0	0	4.774641418	0	0	0	5.288422585	0	0	0	10.07692025	0	0	1	0	0.6	0	0.6	0	0.6	0
117	0.2	0.041921234	0	0	0	4.926001954	0	0	0	5.751536846	0	0	0	10.51707678	0	0	1	0	0.8	0	0.8	0	0.8	0
118	0.4	0.064202213	0	0	0	4.77456944	0	0	0	5.73628335	0	0	0	10.59467201	0	0	1	0	0.6	0	0.6	0	0.6	0
119	0.3	0.042836809	0	0	0	5.095913339	0	0	0	5.785565066	0	0	0	11.1431932	0	0	1	0	0.7	0	0.7	0	0.7	0
120	0.4	0.043660188	0	0	0	5.183598089	0	0	0	5.876195168	0	0	0	11.01527462	0	0	1	0	0.6	0	0.6	0	0.6	0
121	0.4	0.041358638	0	0	0	5.479680848	0	0	0	5.346856403	0	0	0	11.16460273	0	0	1	0	0.6	0	0.6	0	0.6	0
122	0.4	0.043842292	0	0	0	5.212563586	0	0	0	6.008941412	0	0	0	11.32203047	0	0	1	0	0.6	0	0.6	0	0.6	0
123	0.5	0.042547894	0	0	0	5.335837817	0	0	0	6.08630724	0	0	0	11.6752301	0	0	1	0	0.5	0	0.5	0	0.5	0
124	0.2	0.043973136	0	0	0	5.356335092	0	0	0	6.534597564	0	0	0	11.4787019	0	0	1	0	0.8	0	0.8	0	0.8	0
125	0.5	0.045835233	0	0	0	5.373738337	0	0	0	6.168493462	0	0	0	11.83578782	0	0	1	0	0.5	0	0.5	0	0.5	0
126	0.2	0.04797709	0	0	0	5.813782668	0	0	0	7.105007887	0	0	0	12.82678647	0	0	1	0	0.8	0	0.8	0	0.8	0
127	0.5	0.054263377	0	0	0	6.215667033	0	0	0	6.57818799	0	0	0	13.4327235	0	0	1	0	0.5	0	0.5	0	0.5	0
128	0.4	0.049674439	0	0	0	6.009724689	0	0	0	6.060644698	0	0	0	12.76953907	0	0	1	0	0.6	0	0.6	0	0.6	0
129	0.3	0.048354149	0	0	0	6.032550526	0	0	0	6.792919207	0	0	0	12.64062479	0	0	1	0	0.7	0	0.7	0	0.7	0
130	0.2	0.051288342	0	0	0	5.800520396	0	0	0	6.117675352	0	0	0	12.8619633	0	0	1	0	0.8	0	0.8	0	0.8	0
131	0.4	0.053241038	0	0	0	6.205258131	0	0	0	6.704715967	0	0	0	13.60904026	0	0	1	0	0.6	0	0.6	0	0.6	0
132	0.4	0.051407886	0	0	0	6.22494328	0	0	0	6.578655791	0	0	0	13.37303405	0	0	1	0	0.6	0	0.6	0	0.6	0
133	0.4	0.05315032	0	0	0	6.741856623	0	0	0	6.740318775	0	0	0	13.76120756	0	0	1	0	0.6	0	0.6	0	0.6	0
134	0	0.054366994	0	0	0	6.532306337	0	0	0	7.248559546	0	0	0	14.23358231	0	0	1	0	1	0	1	0	1	0
135	0.2	0.05458622	0	0	0	6.699794698	0	0	0	6.75910275	0	0	0	14.25498955	0	0	1	0	0.8	0	0.8	0	0.8	0
136	0.4	0.052114415	0	0	0	6.753449464	0	0	0	6.14187901	0	0	0	14.50296564	0	0	1	0	0.6	0	0.6	0	0.6	0
137	0.3	0.051635122	0	0	0	6.949390221	0	0	0	7.454986525	0	0	0	14.81139152	0	0	1	0	0.7	0	0.7	0	0.7	0
138	0.4	0.053410459	0	0	0	6.909726262	0	0	0	6.90516355	0	0	0	14.88083007	0	0	1	0	0.6	0	0.6	0	0.6	0
139	0.2	0.056766629	0	0	0	7.059622192	0	0	0	8.262867332	0	0	0	15.46491423	0	0	1	0	0.8	0	0.8	0	0.8	0
140	0.2	0.05732007	0	0	0	7.29149518	0	0	0	7.31612587	0	0	0	15.77174094	0	0	1	0	0.8	0	0.8	0	0.8	0
141	0.1	0.062907839	0	0	0	7.408288383	0	0	0	8.541007733	0	0	0	15.89414957	0	0	1	0	0.9	0	0.9	0	0.9	0
142	0.1	0.091996598	0	0	0	7.487475371	0	0	0	6.786541486	0	0	0	16.13700716	0	0	1	0	0.9	0	0.9	0	0.9	0
143	0.3	0.057372332	0	0	0	7.292859602	0	0	0	7.211519361	0	0	0	16.2698293	0	0	1	0	0.7	0	0.7	0	0.7	0
144	0.2	0.062451553	0	0	0	7.756092501	0	0	0	8.264244604	0	0	0	16.1059267	0	0	1	0	0.8	0	0.8	0	0.8	0
145	0.2	0.057872677	0	0	0	7.261614466	0	0	0	7.880546641	0	0	0	15.97980387	0	0	1	0	0.8	0	0.8	0	0.8	0
146	0.3	0.061293268	0	0	0	7.772186255	0	0	0	8.271248484	0	0	0	16.47745926	0	0	1	0	0.7	0	0.7	0	0.7	0
147	0.3	0.062025595	0	0	0	7.395827317	0	0	0	8.811643124	0	0	0	16.50421879	0	0	1	0	0.7	0	0.7	0	0.7	0
148	0.2	0.078473878	0	0	0	8.663018298	0	0	0	8.287872958	0	0	0	18.53146496	0	0	1	0	0.8	0	0.8	0	0.8	0
149	0.4	0.069566417	0	0	0	8.618294597	0	0	0	8.882691383	0	0	0	18.45743365	0	0	1	0	0.6	0	0.6	0	0.6	0
150	0.3	0.070537758	0	0	0	9.107257152	0	0	0	10.70722528	0	0	0	3.974024081	0	0	1	0	0.7	0	0.7	0	0.1	0
151	0.1	0.070729494	0	0	0	9.408678436	0	0	0	8.814861965	0	0	0	0	0	0	1	0	0.9	0	0.9	0	0	0
152	0	0.073139977	0	0	0	9.502595305	0	0	0	9.399773884	0	0	0	0	0	0	1	0	1	0	1	0	0	0
153	0.4	0.085700369	0	0	0	9.449993014	0	0	0	10.48023813	0	0	0	0	0	0	1	0	0.6	0	0.6	0	0	0
154	0.2	0.087481141	0	0	0	9.654367042	0	0	0	10.45098028	0	0	0	0	0	0	1	0	0.8	0	0.8	0	0	0
155	0.3	0.118133044	0	0	0	9.982017517	0	0	0	10.23777831	0	0	0	0	0	0	1	0	0.7	0	0.7	0	0	0
156	0.3	0.086035991	0	0	0	9.841663074	0	0	0	9.879845333	0	0	0	0	0	0	1	0	0.7	0	0.7	0	0	0
157	0.1	0.089116144	0	0	0	10.60863793	0	0	0	9.82604661	0	0	0	0	0	0	1	0	0.9	0	0.9	0	0	0
158	0.2	0.084711671	0	0	0	10.11886368	0	0	0	10.03374131	0	0	0	0	0	0	1	0	0.8	0	0.8	0	0	0
159	0.5	0.165534091	0	0	0	2.131428123	0	0	0	2.278258801	0	0	0	0	0	0	1	0	0	0	0	0	0	0
160	0.1	0.163538647	0	0	0	0	0	0	0	0	0	0	0	0	0	0	1	0	0	0	0	0	0	0
161	0.4	0.144653845	0	0	0	0	0	0	0	0	0	0	0	0	0	0	1	0	0	0	0	0	0	0
162	0.4	0.186693645	0	0	0	0	0	0	0	0	0	0	0	0	0	0	1	0	0	0	0	0	0	0
163	0.1	0.182378531	0	0	0	0	0	0	0	0	0	0	0	0	0	0	1	0	0	0	0	0	0	0
164	0.2	0.155000305	0	0	0	0	0	0	0	0	0	0	0	0	0	0	1	0	0	0	0	0	0	0
165	0.1	0.177150345	0	0	0	0	0	0	0	0	0	0	0	0	0	0	1	0	0	0	0	0	0	0
166	0.1	0.176996017	0	0	0	0	0	0	0	0	0	0	0	0	0	0	1	0	0	0	0	0	0	0
167	0.1	0.191815662	0	0	0	0	0	0	0	0	0	0	0	0	0	0	1	0	0	0	0	0	0	0
168	0.5	0.172611189	0	0	0	0	0	0	0	0	0	0	0	0	0	0	1	0	0	0	0	0	0	0
169	0.3	0.158175325	0	0	0	0	0	0	0	0	0	0	0	0	0	0	1	0	0	0	0	0	0	0
170	0.1	0.25513885	0	0	0	0	0	0	0	0	0	0	0	0	0	0	1	0	0	0	0	0	0	0
171	0.3	0.226910615	0	0	0	0	0	0	0	0	0	0	0	0	0	0	1	0	0	0	0	0	0	0
172	0.4	0.222927594	0	0	0	0	0	0	0	0	0	0	0	0	0	0	1	0	0	0	0	0	0	0
173	0.1	0.203391385	0	0	0	0	0	0	0	0	0	0	0	0	0	0	1	0	0	0	0	0	0	0
174	0.1	0.188517761	0	0	0	0	0	0	0	0	0	0	0	0	0	0	1	0	0	0	0	0	0	0
175	0.3	0.258413219	0	0	0	0	0	0	0	0	0	0	0	0	0	0	1	0	0	0	0	0	0	0
176	0.3	0.238307929	0	0	0	0	0	0	0	0	0	0	0	0	0	0	1	0	0	0	0	0	0	0
177	0.2	0.211274838	0	0	0	0	0	0	0	0	0	0	0	0	0	0	1	0	0	0	0	0	0	0
178	0.2	0.234034801	0	0	0	0	0	0	0	0	0	0	0	0	0	0	1	0	0	0	0	0	0	0
179	0	0.211667991	0	0	0	0	0	0	0	0	0	0	0	0	0	0	1	0	0	0	0	0	0	0
180	0.2	0.319605803	0	0	0	0	0	0	0	0	0	0	0	0	0	0	1	0	0	0	0	0	0	0
181	0.3	0.292303705	0	0	0	0	0	0	0	0	0	0	0	0	0	0	1	0	0	0	0	0	0	0
182	0.2	0.301457477	0	0	0	0	0	0	0	0	0	0	0	0	0	0	1	0	0	0	0	0	0	0
183	0.1	0.214430451	0	0	0	0	0	0	0	0	0	0	0	0	0	0	1	0	0	0	0	0	0	0
184	0.3	0.299903345	0	0	0	0	0	0	0	0	0	0	0	0	0	0	1	0	0	0	0	0	0	0
185	0.2	0.391868401	0	0	0	0	0	0	0	0	0	0	0	0	0	0	1	0	0	0	0	0	0	0
186	0.1	0.236594605	0	0	0	0	0	0	0	0	0	0	0	0	0	0	1	0	0	0	0	0	0	0
187	0	0.338015914	0	0	0	0	0	0	0	0	0	0	0	0	0	0	1	0	0	0	0	0	0	0
188	0.1	0.293495369	0	0	0	0	0	0	0	0	0	0	0	0	0	0	1	0	0	0	0	0	0	0
189	0.4	0.260979104	0	0	0	0	0	0	0	0	0	0	0	0	0	0	1	0	0	0	0	0	0	0
190	0.2	0.307872915	0	0	0	0	0	0	0	0	0	0	0	0	0	0	1	0	0	0	0	0	0	0
191	0.2	0.327063298	0	0	0	0	0	0	0	0	0	0	0	0	0	0	1	0	0	0	0	0	0	0
192	0.1	0.367107129	0	0	0	0	0	0	0	0	0	0	0	0	0	0	1	0	0	0	0	0	0	0
193	0.3	0.441471219	0	0	0	0	0	0	0	0	0	0	0	0	0	0	1	0	0	0	0	0	0	0
194	0.2	0.436604238	0	0	0	0	0	0	0	0	0	0	0	0	0	0	1	0	0	0	0	0	0	0
195	0.3	0.407700944	0	0	0	0	0	0	0	0	0	0	0	0	0	0	1	0	0	0	0	0	0	0
196	0.1	0.398464227	0	0	0	0	0	0	0	0	0	0	0	0	0	0	1	0	0	0	0	0	0	0
197	0.2	0.545054007	0	0	0	0	0	0	0	0	0	0	0	0	0	0	1	0	0	0	0	0	0	0
198	0.3	0.344697022	0	0	0	0	0	0	0	0	0	0	0	0	0	0	1	0	0	0	0	0	0	0
199	0.3	0.3969666	0	0	0	0	0	0	0	0	0	0	0	0	0	0	1	0	0	0	0	0	0	0
200	0.2	0.418748856	0	0	0	0	0	0	0	0	0	0	0	0	0	0	1	0	0	0	0	0	0	0
201	0.2	0.742542529	0	0	0	0	0	0	0	0	0	0	0	0	0	0	1	0	0	0	0	0	0	0
202	0.3	0.388118315	0	0	0	0	0	0	0	0	0	0	0	0	0	0	1	0	0	0	0	0	0	0
203	0.2	0.549634051	0	0	0	0	0	0	0	0	0	0	0	0	0	0	1	0	0	0	0	0	0	0
204	0.2	0.534393549	0	0	0	0	0	0	0	0	0	0	0	0	0	0	1	0	0	0	0	0	0	0
205	0	0.588475728	0	0	0	0	0	0	0	0	0	0	0	0	0	0	1	0	0	0	0	0	0	0
206	0	0.702264667	0	0	0	0	0	0	0	0	0	0	0	0	0	0	1	0	0	0	0	0	0	0
207	0.2	0.567130184	0	0	0	0	0	0	0	0	0	0	0	0	0	0	1	0	0	0	0	0	0	0
208	0.2	0.805067396	0	0	0	0	0	0	0	0	0	0	0	0	0	0	1	0	0	0	0	0	0	0
209	0.3	0.635200834	0	0	0	0	0	0	0	0	0	0	0	0	0	0	1	0	0	0	0	0	0	0
210	0.1	0.591635942	0	0	0	0	0	0	0	0	0	0	0	0	0	0	1	0	0	0	0	0	0	0
211	0.1	0.725288534	0	0	0	0	0	0	0	0	0	0	0	0	0	0	1	0	0	0	0	0	0	0
212	0	0.637309623	0	0	0	0	0	0	0	0	0	0	0	0	0	0	1	0	0	0	0	0	0	0
213	0.3	0.660501885	0	0	0	0	0	0	0	0	0	0	0	0	0	0	1	0	0	0	0	0	0	0
214	0.3	0.702530551	0	0	0	0	0	0	0	0	0	0	0	0	0	0	1	0	0	0	0	0	0	0
215	0.1	0.781867838	0	0	0	0	0	0	0	0	0	0	0	0	0	0	1	0	0	0	0	0	0	0
216	0.3	1.07144351	0	0	0	0	0	0	0	0	0	0	0	0	0	0	1	0	0	0	0	0	0	0
217	0	0.961192536	0	0	0	0	0	0	0	0	0	0	0	0	0	0	1	0	0	0	0	0	0	0
218	0.3	0.829696774	0	0	0	0	0	0	0	0	0	0	0	0	0	0	1	0	0	0	0	0	0	0
219	0.3	0.912593222	0	0	0	0	0	0	0	0	0	0	0	0	0	0	1	0	0	0	0	0	0	0
220	0.2	0.784224248	0	0	0	0	0	0	0	0	0	0	0	0	0	0	1	0	0	0	0	0	0	0
221	0.1	1.085307503	0	0	0	0	0	0	0	0	0	0	0	0	0	0	1	0	0	0	0	0	0	0
222	0.1	0.950451517	0	0	0	0	0	0	0	0	0	0	0	0	0	0	1	0	0	0	0	0	0	0
223	0.2	0.812331533	0	0	0	0	0	0	0	0	0	0	0	0	0	0	1	0	0	0	0	0	0	0
224	0.2	1.003381133	0	0	0	0	0	0	0	0	0	0	0	0	0	0	1	0	0	0	0	0	0	0
225	0.2	1.419416595	0	0	0	0	0	0	0	0	0	0	0	0	0	0	1	0	0	0	0	0	0	0
226	0.2	1.150773501	0	0	0	0	0	0	0	0	0	0	0	0	0	0	1	0	0	0	0	0	0	0
227	0	1.300895262	0	0	0	0	0	0	0	0	0	0	0	0	0	0	1	0	0	0	0	0	0	0
228	0.2	1.373221827	0	0	0	0	0	0	0	0	0	0	0	0	0	0	1	0	0	0	0	0	0	0
229	0.2	1.311650085	0	0	0	0	0	0	0	0	0	0	0	0	0	0	1	0	0	0	0	0	0	0
230	0.1	1.382970381	0	0	0	0	0	0	0	0	0	0	0	0	0	0	1	0	0	0	0	0	0	0
231	0.2	1.305366898	0	0	0	0	0	0	0	0	0	0	0	0	0	0	1	0	0	0	0	0	0	0
232	0.3	1.555551076	0	0	0	0	0	0	0	0	0	0	0	0	0	0	1	0	0	0	0	0	0	0
233	0.1	1.989906335	0	0	0	0	0	0	0	0	0	0	0	0	0	0	1	0	0	0	0	0	0	0
234	0.1	1.955519986	0	0	0	0	0	0	0	0	0	0	0	0	0	0	1	0	0	0	0	0	0	0
235	0	1.417982578	0	0	0	0	0	0	0	0	0	0	0	0	0	0	1	0	0	0	0	0	0	0
236	0.2	1.901525092	0	0	0	0	0	0	0	0	0	0	0	0	0	0	1	0	0	0	0	0	0	0
237	0.1	1.691264033	0	0	0	0	0	0	0	0	0	0	0	0	0	0	1	0	0	0	0	0	0	0
238	0.1	2.139531875	0	0	0	0	0	0	0	0	0	0	0	0	0	0	1	0	0	0	0	0	0	0
239	0.3	1.677379489	0	0	0	0	0	0	0	0	0	0	0	0	0	0	1	0	0	0	0	0	0	0
240	0	2.198144245	0	0	0	0	0	0	0	0	0	0	0	0	0	0	1	0	0	0	0	0	0	0
241	0.2	1.887361431	0	0	0	0	0	0	0	0	0	0	0	0	0	0	1	0	0	0	0	0	0	0
242	0.3	2.249179888	0	0	0	0	0	0	0	0	0	0	0	0	0	0	1	0	0	0	0	0	0	0
243	0.2	1.870072532	0	0	0	0	0	0	0	0	0	0	0	0	0	0	1	0	0	0	0	0	0	0
244	0.4	1.547367382	0	0	0	0	0	0	0	0	0	0	0	0	0	0	1	0	0	0	0	0	0	0
245	0.3	2.348904181	0	0	0	0	0	0	0	0	0	0	0	0	0	0	1	0	0	0	0	0	0	0
246	0.2	2.963828754	0	0	0	0	0	0	0	0	0	0	0	0	0	0	1	0	0	0	0	0	0	0
247	0.3	2.261235213	0	0	0	0	0	0	0	0	0	0	0	0	0	0	1	0	0	0	0	0	0	0
248	0.3	3.179196835	0	0	0	0	0	0	0	0	0	0	0	0	0	0	1	0	0	0	0	0	0	0
249	0.2	3.581428456	0	0	0	0	0	0	0	0	0	0	0	0	0	0	1	0	0	0	0	0	0	0
250	0.4	2.707658529	0	0	0	0	0	0	0	0	0	0	0	0	0	0	1	0	0	0	0	0	0	0
251	0.2	4.371923709	0	0	0	0	0	0	0	0	0	0	0	0	0	0	1	0	0	0	0	0	0	0
252	0.1	3.609364486	0	0	0	0	0	0	0	0	0	0	0	0	0	0	1	0	0	0	0	0	0	0
253	0.2	3.506552219	0	0	0	0	0	0	0	0	0	0	0	0	0	0	1	0	0	0	0	0	0	0
254	0.1	4.395546198	0	0	0	0	0	0	0	0	0	0	0	0	0	0	1	0	0	0	0	0	0	0
255	0.2	2.950777102	0	0	0	0	0	0	0	0	0	0	0	0	0	0	1	0	0	0	0	0	0	0
